800.0 89.36 
799.0 89.40 
798.0 89.25 
797.0 89.36 
796.0 89.51 
795.0 89.73 
794.0 89.78 
793.0 89.77 
792.0 89.98 
791.0 89.88 
790.0 90.21 
789.0 90.30 
788.0 90.46 
787.0 90.55 
786.0 90.78 
785.0 90.93 
784.0 90.88 
783.0 90.75 
782.0 91.07 
781.0 91.10 
780.0 90.98 
779.0 91.24 
778.0 91.41 
777.0 91.43 
776.0 91.24 
775.0 91.53 
774.0 91.63 
773.0 91.43 
772.0 91.59 
771.0 91.67 
770.0 91.81 
769.0 91.62 
768.0 91.56 
767.0 91.66 
766.0 91.70 
765.0 91.53 
764.0 91.67 
763.0 91.71 
762.0 91.53 
761.0 91.56 
760.0 91.42 
759.0 91.41 
758.0 91.29 
757.0 91.20 
756.0 91.16 
755.0 90.85 
754.0 90.80 
753.0 90.62 
752.0 90.39 
751.0 90.23 
750.0 90.04 
749.0 89.86 
748.0 89.78 
747.0 89.45 
746.0 89.23 
745.0 88.99 
744.0 88.71 
743.0 88.52 
742.0 88.28 
741.0 88.07 
740.0 87.92 
739.0 87.57 
738.0 87.41 
737.0 87.36 
736.0 87.23 
735.0 87.18 
734.0 86.98 
733.0 86.98 
732.0 86.98 
731.0 87.06 
730.0 87.17 
729.0 87.23 
728.0 87.41 
727.0 87.57 
726.0 87.73 
725.0 87.96 
724.0 88.17 
723.0 88.48 
722.0 88.74 
721.0 89.08 
720.0 89.36 
719.0 89.52 
718.0 89.84 
717.0 90.03 
716.0 90.25 
715.0 90.43 
714.0 90.60 
713.0 90.69 
712.0 90.86 
711.0 90.96 
710.0 91.08 
709.0 91.16 
708.0 91.14 
707.0 91.29 
706.0 91.38 
705.0 91.40 
704.0 91.45 
703.0 91.49 
702.0 91.64 
701.0 91.67 
700.0 91.71 
699.0 91.73 
698.0 91.77 
697.0 91.74 
696.0 91.80 
695.0 91.85 
694.0 91.81 
693.0 91.85 
692.0 91.85 
691.0 91.77 
690.0 91.69 
689.0 91.64 
688.0 91.68 
687.0 91.63 
686.0 91.60 
685.0 91.59 
684.0 91.57 
683.0 91.52 
682.0 91.50 
681.0 91.43 
680.0 91.37 
679.0 91.29 
678.0 91.23 
677.0 91.24 
676.0 91.16 
675.0 91.07 
674.0 91.01 
673.0 90.97 
672.0 90.88 
671.0 90.80 
670.0 90.82 
669.0 90.77 
668.0 90.73 
667.0 90.78 
666.0 90.82 
665.0 90.82 
664.0 90.88 
663.0 90.97 
662.0 91.06 
661.0 91.14 
660.0 91.25 
659.0 91.31 
658.0 91.38 
657.0 91.47 
656.0 91.55 
655.0 91.58 
654.0 91.64 
653.0 91.66 
652.0 91.69 
651.0 91.74 
650.0 91.72 
649.0 91.70 
648.0 91.75 
647.0 91.75 
646.0 91.75 
645.0 91.74 
644.0 91.71 
643.0 91.69 
642.0 91.63 
641.0 91.63 
640.0 91.64 
639.0 91.63 
638.0 91.60 
637.0 91.56 
636.0 91.52 
635.0 91.49 
634.0 91.47 
633.0 91.41 
632.0 91.35 
631.0 91.30 
630.0 91.27 
629.0 91.25 
628.0 91.25 
627.0 91.27 
626.0 91.19 
625.0 91.16 
624.0 91.15 
623.0 91.15 
622.0 91.16 
621.0 91.15 
620.0 91.11 
619.0 91.16 
618.0 91.22 
617.0 91.21 
616.0 91.22 
615.0 91.24 
614.0 91.32 
613.0 91.38 
612.0 91.36 
611.0 91.29 
610.0 91.34 
609.0 91.41 
608.0 91.44 
607.0 91.43 
606.0 91.36 
605.0 91.36 
604.0 91.38 
603.0 91.42 
602.0 91.43 
601.0 91.45 
600.0 91.45 
599.0 91.42 
598.0 91.44 
597.0 91.48 
596.0 91.49 
595.0 91.46 
594.0 91.50 
593.0 91.49 
592.0 91.46 
591.0 91.49 
590.0 91.49 
589.0 91.52 
588.0 91.48 
587.0 91.49 
586.0 91.49 
585.0 91.45 
584.0 91.46 
583.0 91.49 
582.0 91.48 
581.0 91.45 
580.0 91.45 
579.0 91.43 
578.0 91.42 
577.0 91.43 
576.0 91.38 
575.0 91.33 
574.0 91.39 
573.0 91.40 
572.0 91.38 
571.0 91.38 
570.0 91.34 
569.0 91.33 
568.0 91.37 
567.0 91.34 
566.0 91.28 
565.0 91.29 
564.0 91.29 
563.0 91.25 
562.0 91.25 
561.0 91.25 
560.0 91.24 
559.0 91.22 
558.0 91.19 
557.0 91.23 
556.0 91.20 
555.0 91.13 
554.0 91.15 
553.0 91.13 
552.0 91.11 
551.0 91.10 
550.0 91.10 
549.0 91.10 
548.0 91.09 
547.0 91.11 
546.0 91.10 
545.0 91.07 
544.0 91.09 
543.0 91.08 
542.0 91.04 
541.0 91.07 
540.0 91.05 
539.0 91.07 
538.0 91.08 
537.0 91.09 
536.0 91.07 
535.0 91.06 
534.0 91.03 
533.0 91.11 
532.0 91.12 
531.0 91.02 
530.0 91.05 
529.0 91.09 
528.0 91.01 
527.0 91.02 
526.0 91.03 
525.0 91.03 
524.0 91.02 
523.0 91.06 
522.0 90.98 
521.0 91.00 
520.0 91.08 
519.0 90.98 
518.0 90.96 
517.0 90.96 
516.0 90.99 
515.0 90.93 
514.0 90.94 
513.0 90.98 
512.0 90.97 
511.0 90.92 
510.0 90.89 
509.0 90.88 
508.0 90.89 
507.0 90.85 
506.0 90.89 
505.0 90.88 
504.0 90.87 
503.0 90.79 
502.0 90.84 
501.0 90.87 
500.0 90.81 
499.0 90.81 
498.0 90.91 
497.0 90.76 
496.0 90.77 
495.0 90.78 
494.0 90.76 
493.0 90.72 
492.0 90.76 
491.0 90.84 
490.0 90.80 
489.0 90.76 
488.0 90.73 
487.0 90.75 
486.0 90.80 
485.0 90.75 
484.0 90.67 
483.0 90.72 
482.0 90.75 
481.0 90.77 
480.0 90.73 
479.0 90.68 
478.0 90.70 
477.0 90.65 
476.0 90.64 
475.0 90.63 
474.0 90.61 
473.0 90.58 
472.0 90.58 
471.0 90.55 
470.0 90.55 
469.0 90.54 
468.0 90.53 
467.0 90.48 
466.0 90.48 
465.0 90.43 
464.0 90.38 
463.0 90.36 
462.0 90.41 
461.0 90.34 
460.0 90.29 
459.0 90.26 
458.0 90.28 
457.0 90.25 
456.0 90.23 
455.0 90.18 
454.0 90.12 
453.0 90.13 
452.0 90.10 
451.0 90.06 
450.0 90.07 
449.0 90.10 
448.0 90.08 
447.0 90.02 
446.0 89.96 
445.0 89.94 
444.0 89.98 
443.0 89.93 
442.0 89.97 
441.0 89.88 
440.0 89.83 
439.0 89.79 
438.0 89.78 
437.0 89.72 
436.0 89.70 
435.0 89.66 
434.0 89.62 
433.0 89.60 
432.0 89.64 
431.0 89.58 
430.0 89.49 
429.0 89.44 
428.0 89.43 
427.0 89.40 
426.0 89.37 
425.0 89.30 
424.0 89.25 
423.0 89.23 
422.0 89.23 
421.0 89.15 
420.0 89.15 
419.0 89.10 
418.0 89.03 
417.0 88.98 
416.0 88.92 
415.0 88.86 
414.0 88.88 
413.0 88.79 
412.0 88.74 
411.0 88.66 
410.0 88.59 
409.0 88.52 
408.0 88.46 
407.0 88.37 
406.0 88.26 
405.0 88.17 
404.0 88.05 
403.0 87.96 
402.0 87.89 
401.0 87.76 
400.0 87.58 
399.0 87.40 
398.0 87.24 
397.0 87.11 
396.0 86.91 
395.0 86.67 
394.0 86.38 
393.0 86.07 
392.0 85.72 
391.0 85.31 
390.0 84.87 
389.0 84.38 
388.0 83.77 
387.0 83.12 
386.0 82.35 
385.0 81.40 
384.0 80.32 
383.0 78.98 
382.0 77.31 
381.0 75.41 
380.0 73.27 
379.0 70.88 
378.0 68.13 
377.0 65.34 
376.0 62.86 
375.0 60.45 
374.0 58.00 
373.0 55.65 
372.0 53.65 
371.0 51.89 
370.0 50.19 
369.0 48.63 
368.0 47.07 
367.0 45.47 
366.0 43.99 
365.0 42.56 
364.0 41.02 
363.0 39.51 
362.0 37.98 
361.0 36.40 
360.0 34.88 
359.0 33.37 
358.0 31.98 
357.0 30.70 
356.0 29.49 
355.0 28.42 
354.0 27.44 
353.0 26.49 
352.0 25.63 
351.0 24.72 
350.0 23.87 
349.0 23.12 
348.0 22.39 
347.0 21.64 
346.0 20.87 
345.0 20.13 
344.0 19.46 
343.0 18.77 
342.0 18.06 
341.0 17.36 
340.0 16.75 
339.0 16.15 
338.0 15.58 
337.0 15.02 
336.0 14.47 
335.0 13.98 
334.0 13.56 
333.0 13.11 
332.0 12.69 
331.0 12.33 
330.0 11.99 
329.0 11.63 
328.0 11.36 
327.0 11.07 
326.0 10.72 
325.0 10.42 
324.0 10.10 
323.0 9.84 
322.0 9.60 
321.0 9.24 
320.0 8.89 
319.0 8.58 
318.0 8.26 
317.0 7.95 
316.0 7.61 
315.0 7.27 
314.0 6.90 
313.0 6.52 
312.0 6.16 
311.0 5.79 
310.0 5.39 
309.0 4.99 
308.0 4.57 
307.0 4.13 
306.0 3.66 
305.0 3.17 
304.0 2.66 
303.0 2.14 
302.0 1.64 
301.0 1.17 
300.0 0.77 
299.0 0.46 
298.0 0.24 
297.0 0.11 
296.0 0.04 
295.0 0.02 
294.0 0.00 
293.0 -0.00 
292.0 -0.01 
291.0 -0.01 
290.0 -0.01 
289.0 -0.01 
288.0 -0.01 
287.0 -0.01 
286.0 -0.02 
285.0 -0.01 
284.0 -0.01 
283.0 -0.01 
282.0 -0.02 
281.0 -0.01 
280.0 -0.02 
279.0 -0.02 
278.0 -0.02 
277.0 -0.02 
276.0 -0.02 
275.0 -0.02 
274.0 -0.02 
273.0 -0.02 
272.0 -0.02 
271.0 -0.02 
270.0 -0.01 
269.0 -0.01 
268.0 -0.02 
267.0 -0.02 
266.0 -0.01 
265.0 -0.02 
264.0 -0.02 
263.0 -0.02 
262.0 -0.02 
261.0 -0.02 
260.0 -0.01 
259.0 -0.02 
258.0 -0.01 
257.0 -0.01 
256.0 -0.02 
255.0 -0.01 
254.0 -0.02 
253.0 -0.01 
252.0 -0.02 
251.0 -0.06 
250.0 -0.01 
249.0 -0.00 
248.0 0.02 
247.0 0.01 
246.0 0.00 
245.0 -0.01 
244.0 -0.01 
243.0 -0.01 
242.0 -0.01 
241.0 -0.01 
240.0 -0.02 
239.0 -0.01 
238.0 -0.02 
237.0 -0.02 
236.0 -0.03 
235.0 -0.03 
234.0 -0.04 
233.0 -0.03 
232.0 -0.04 
231.0 -0.05 
230.0 -0.04 
229.0 -0.04 
228.0 -0.04 
227.0 -0.05 
226.0 -0.05 
225.0 -0.05 
224.0 -0.05 
223.0 -0.04 
222.0 -0.04 
221.0 -0.04 
220.0 -0.04 
219.0 -0.04 
218.0 -0.04 
217.0 -0.04 
216.0 -0.04 
215.0 -0.04 
214.0 -0.05 
213.0 -0.04 
212.0 -0.04 
211.0 -0.04 
210.0 -0.04 
209.0 -0.05 
208.0 -0.04 
207.0 -0.03 
206.0 -0.04 
205.0 -0.05 
204.0 -0.05 
203.0 -0.04 
202.0 -0.04 
201.0 -0.04 
200.0 -0.02 
