1.452
1.48427
1.4534
1.4366
1.45761
1.41702
1.3905
1.40585
1.37239
1.37657
1.34457
1.32653
1.30989
1.30989
1.27669
1.2546
1.25185
1.24495
1.2243
1.22705
1.22843
1.21742
1.19407
1.18858
1.2023
1.16117
1.12973
1.17076
1.16802
1.16117
1.13792
1.13929
1.15159
1.13792
1.13929
1.15159
1.14339
1.13792
1.17624
1.16802
1.17898
1.17624
1.18858
1.20368
1.22292
1.24495
1.25874
1.28084
1.29882
1.32237
1.37517
1.38074
1.40585
1.452
1.47444
1.50958
1.55471
1.58017
1.61703
1.6483
1.67395
1.71538
1.71968
1.7383
1.76988
1.78139
1.79146
1.79146
1.78858
1.78427
1.76557
1.75695
1.73543
1.70966
1.68108
1.65115
1.62413
1.58725
1.542
1.49411
1.46041
1.42541
1.39608
1.37239
1.33624
1.31266
1.29051
1.27116
1.26288
1.23806
1.21605
1.21055
1.20643
1.19269
1.17761
1.17076
1.1735
1.16254
1.14886
1.14612
1.14339
1.13382
1.11881
1.13246
1.12563
1.11335
1.12017
1.11881
1.11062
1.11744
1.13246
1.13519
1.12563
1.13246
1.14339
1.14339
1.14749
1.15296
1.16117
1.17076
1.18172
1.19544
1.2023
1.20093
1.20917
1.22705
1.23393
1.23669
1.25185
1.2546
1.25736
1.26702
1.2615
1.26012
1.25598
1.24909
1.24358
1.23393
1.22843
1.21467
1.19544
1.18583
1.17624
1.16391
1.15706
1.15022
1.14339
1.14475
1.13655
1.12426
1.12426
1.12563
1.12836
1.13246
1.12973
1.13109
1.13382
1.13246
1.13929
1.13929
1.13382
1.14202
1.14749
1.15159
1.15296
1.1598
1.16528
1.1735
1.18035
1.18583
1.18583
1.18858
1.19681
1.19544
1.20093
1.20368
1.20643
1.2078
1.2078
1.2078
1.21055
1.20643
1.19956
1.20093
1.20093
1.19544
1.18309
1.17898
1.17761
1.18309
1.18172
1.17624
1.1735
1.17898
1.18172
1.17487
1.1735
1.17213
1.17076
1.16665
1.16665
1.16665
1.16665
1.16802
1.16665
1.16254
1.16254
1.16528
1.16254
1.16391
1.16665
1.16254
1.16528
1.1598
1.1598
1.16802
1.16939
1.16939
1.17076
1.16802
1.16391
1.17487
1.1735
1.17213
1.17761
1.18309
1.17487
1.17761
1.17898
1.17761
1.18309
1.17898
1.17898
1.18858
1.19132
1.18583
1.18583
1.19269
1.19544
1.20093
1.19681
1.19681
1.2078
1.20505
1.20093
1.20917
1.20643
1.20505
1.20917
1.21467
1.21467
1.21742
1.2188
1.21192
1.21742
1.22292
1.22155
1.2243
1.22017
1.21742
1.2298
1.22155
1.22155
1.22017
1.21742
1.22155
1.23256
1.22292
1.21192
1.22705
1.22567
1.22705
1.2298
1.22843
1.22292
1.22843
1.23256
1.22705
1.23118
1.23118
1.22292
1.23393
1.23669
1.23669
1.23531
1.24358
1.23944
1.2422
1.23669
1.24358
1.2422
1.25322
1.24771
1.25185
1.24633
1.23944
1.24771
1.25322
1.25874
1.24771
1.25874
1.25598
1.24633
1.2546
1.2615
1.2546
1.25874
1.26564
1.25874
1.25322
1.25736
1.26288
1.26012
1.26564
1.2615
1.26012
1.2684
1.26426
1.26426
1.25874
1.26564
1.27255
1.27255
1.27945
1.28637
1.28637
1.28637
1.2919
1.28913
1.2919
1.29743
1.29743
1.30158
1.30574
1.30851
1.31266
1.31682
1.31821
1.31266
1.32098
1.32653
1.33485
1.33624
1.33763
1.33902
1.34319
1.35291
1.35847
1.35291
1.36404
1.35708
1.35152
1.35986
1.371
1.37517
1.37517
1.36682
1.37239
1.37935
1.38632
1.39468
1.40166
1.39608
1.40445
1.41143
1.41842
1.42121
1.4282
1.42401
1.431
1.4394
1.4506
1.452
1.45621
1.45621
1.46322
1.47163
1.47725
1.48427
1.48989
1.48427
1.49833
1.50536
1.51381
1.52508
1.53213
1.5279
1.53495
1.54341
1.55754
1.56743
1.5745
1.58866
1.6
1.60993
1.62271
1.64261
1.65827
1.66682
1.69251
1.71252
1.73687
1.77132
1.79146
1.81308
1.84774
1.8825
1.92609
1.98006
2.04308
2.10937
2.17452
2.26094
2.36453
2.47811
2.61733
2.78459
2.99212
3.24839
3.55308
3.90457
4.31375
4.80446
5.32291
5.79022
6.28812
6.80671
7.2895
7.75219
8.18214
8.5802
8.95809
9.36364
9.79101
10.1996
10.6191
11.0835
11.5501
12.0381
12.5734
13.0933
13.6322
14.1565
14.6553
15.1538
15.6119
16.0603
16.4973
16.8969
17.3348
17.7626
18.1734
18.5375
18.9866
19.4584
19.9179
20.3439
20.7652
21.249
21.7382
22.1733
22.6471
23.1237
23.6027
24.0578
24.4679
24.8919
25.2929
25.7171
26.0852
26.3816
26.813
27.1274
27.4386
27.7694
28.1687
28.5075
28.9062
29.3181
29.6631
30.1291
30.5698
31.1018
31.6103
32.1733
32.7629
33.3818
34.0904
34.8621
35.6412
36.5188
37.4879
38.6213
39.8681
41.3562
43.1647
45.3752
48.0638
51.4186
55.5843
60.8582
67.3943
75.2343
84.9644
97.581
106.226
114.871
114.871
inf
nan
nan
nan
nan
nan
nan
nan
nan
nan
nan
nan
nan
nan
nan
nan
nan
nan
nan
nan
nan
nan
nan
nan
nan
nan
nan
nan
nan
nan
nan
nan
nan
nan
nan
nan
nan
nan
nan
nan
nan
nan
inf
inf
114.871
114.871
114.871
nan
nan
nan
nan
nan
nan
nan
nan
nan
nan
nan
nan
nan
nan
nan
nan
nan
nan
nan
nan
nan
nan
nan
nan
nan
nan
nan
nan
nan
nan
nan
nan
nan
nan
nan
nan
nan
nan
nan
nan
nan
nan
nan
nan
nan
inf
